<opencv_storage>
  <Frame00001>6.132399e+01</Frame00001>
  <Frame00001>6.465558e+01</Frame00001>
  <Frame00001>6.632137e+01</Frame00001>
  <Frame00001>6.382268e+01</Frame00001>
  <Frame00001>6.257334e+01</Frame00001>
  <Frame00001>6.194866e+01</Frame00001>
  <Frame00001>6.496791e+01</Frame00001>
  <Frame00001>6.647754e+01</Frame00001>
  <Frame00001>6.390076e+01</Frame00001>
  <Frame00001>6.261238e+01</Frame00001>
  <Frame00001>6.196818e+01</Frame00001>
  <Frame00001>6.164609e+01</Frame00001>
  <Frame00001>5.815345e+01</Frame00001>
  <Frame00001>5.640713e+01</Frame00001>
  <Frame00001>5.553397e+01</Frame00001>
  <Frame00001>5.509739e+01</Frame00001>
  <Frame00001>5.487910e+01</Frame00001>
  <Frame00001>5.143837e+01</Frame00001>
  <Frame00001>4.971801e+01</Frame00001>
  <Frame00001>4.885782e+01</Frame00001>
  <Frame00001>4.842773e+01</Frame00001>
  <Frame00001>4.821269e+01</Frame00001>
  <Frame00001>4.810516e+01</Frame00001>
  <Frame00001>4.471981e+01</Frame00001>
  <Frame00001>4.302714e+01</Frame00001>
  <Frame00001>4.218080e+01</Frame00001>
  <Frame00001>3.842605e+01</Frame00001>
  <Frame00001>3.654867e+01</Frame00001>
  <Frame00001>3.560998e+01</Frame00001>
  <Frame00001>3.180905e+01</Frame00001>
  <Frame00001>2.990858e+01</Frame00001>
  <Frame00001>2.895835e+01</Frame00001>
  <Frame00001>2.848323e+01</Frame00001>
  <Frame00001>2.824567e+01</Frame00001>
  <Frame00001>2.479531e+01</Frame00001>
  <Frame00001>2.640171e+01</Frame00001>
  <Frame00001>2.387333e+01</Frame00001>
  <Frame00001>1.927755e+01</Frame00001>
  <Frame00001>1.697966e+01</Frame00001>
  <Frame00001>1.583071e+01</Frame00001>
  <Frame00001>1.525624e+01</Frame00001>
  <Frame00001>1.496900e+01</Frame00001>
  <Frame00001>1.149380e+01</Frame00001>
  <Frame00001>6.424605e+00</Frame00001>
  <Frame00001>7.221598e+00</Frame00001>
  <Frame00001>7.620094e+00</Frame00001>
  <Frame00001>7.819342e+00</Frame00001>
  <Frame00001>7.918966e+00</Frame00001>
  <Frame00001>7.968778e+00</Frame00001>
  <Frame00001>7.993684e+00</Frame00001>
</opencv_storage>